a 11 16 11
a 16 11 11
a 5 9 6
a 9 5 6
a 10 11 8
a 11 10 8
a 15 20 8
a 20 15 8
a 5 13 2
a 13 5 2
a 13 17 15
a 17 13 15
a 8 19 15
a 19 8 15
a 1 6 13
a 6 1 13
a 15 19 15
a 19 15 15
a 7 11 6
a 11 7 6
a 6 17 12
a 17 6 12
a 3 17 9
a 17 3 9
a 11 19 6
a 19 11 6
a 1 20 15
a 20 1 15
a 12 14 14
a 14 12 14
a 8 14 3
a 14 8 3
a 12 20 4
a 20 12 4
a 4 19 11
a 19 4 11
a 7 16 14
a 16 7 14
a 8 10 9
a 10 8 9
a 4 13 4
a 13 4 4
a 1 5 12
a 5 1 12
a 3 6 3
a 6 3 3
a 7 9 9
a 9 7 9
a 5 6 8
a 6 5 8
a 9 14 2
a 14 9 2
a 15 18 15
a 18 15 15
a 14 19 15
a 19 14 15
a 10 13 3
a 13 10 3
a 2 20 7
a 20 2 7
a 2 10 15
a 10 2 15
a 3 19 5
a 19 3 5
a 3 5 3
a 5 3 3
a 5 10 2
a 10 5 2
a 1 12 8
a 12 1 8
a 10 16 3
a 16 10 3
a 4 17 9
a 17 4 9
a 1 18 8
a 18 1 8
a 10 14 12
a 14 10 12
a 11 20 10
a 20 11 10
a 1 7 11
a 7 1 11
a 2 15 7
a 15 2 7
a 11 15 15
a 15 11 15
a 3 4 2
a 4 3 2
